[gd_scene load_steps=5 format=3 uid="uid://d2dmi554umfou"]

[sub_resource type="StandardMaterial3D" id="StandardMaterial3D_5xgho"]
albedo_color = Color(0.388235, 0.227451, 0.105882, 1)

[sub_resource type="ProceduralSkyMaterial" id="ProceduralSkyMaterial_po0nb"]
sky_horizon_color = Color(0.662243, 0.671743, 0.686743, 1)
ground_horizon_color = Color(0.662243, 0.671743, 0.686743, 1)

[sub_resource type="Sky" id="Sky_u52ul"]
sky_material = SubResource("ProceduralSkyMaterial_po0nb")

[sub_resource type="Environment" id="Environment_oabld"]
background_mode = 1
background_color = Color(0.07, 0.033425, 0.0035, 1)
sky = SubResource("Sky_u52ul")
ambient_light_source = 3
tonemap_mode = 2
glow_enabled = true

[node name="Floor" type="CSGBox3D" groups=["Hazard"]]
use_collision = true
size = Vector3(40, 8, 5)
material = SubResource("StandardMaterial3D_5xgho")

[node name="Wall" type="CSGBox3D" parent="."]
transform = Transform3D(0.967924, -0.251242, 0, 0.251242, 0.967924, 0, 0, 0, 1, -15.4207, 7.36626, 0)
size = Vector3(4, 10, 4)
material = SubResource("StandardMaterial3D_5xgho")

[node name="Wall2" type="CSGBox3D" parent="."]
transform = Transform3D(0.884459, 0.466618, 0, -0.466618, 0.884459, 0, 0, 0, 1, -14.265, 13.609, 0)
size = Vector3(4, 10, 4)
material = SubResource("StandardMaterial3D_5xgho")

[node name="Wall3" type="CSGBox3D" parent="."]
transform = Transform3D(0.965016, 0.262189, 0, -0.262189, 0.965016, 0, 0, 0, 1, 15.5731, 6.45746, 0)
size = Vector3(4, 10, 4)
material = SubResource("StandardMaterial3D_5xgho")

[node name="Wall4" type="CSGBox3D" parent="."]
transform = Transform3D(0.780758, -0.624834, 0, 0.624834, 0.780758, 0, 0, 0, 1, 15.5731, 13.3018, 0)
size = Vector3(4, 10, 4)
material = SubResource("StandardMaterial3D_5xgho")

[node name="Ceiling" type="CSGBox3D" parent="."]
transform = Transform3D(-0.296658, 0.954984, 0, -0.954984, -0.296658, 0, 0, 0, 1, -10.7499, 17.08, 0)
size = Vector3(4, 10, 4)
material = SubResource("StandardMaterial3D_5xgho")

[node name="Ceiling2" type="CSGBox3D" parent="."]
transform = Transform3D(-0.296658, 0.954984, 0, -0.954984, -0.296658, 0, 0, 0, 1, -3.2332, 17.08, 0)
size = Vector3(4, 10, 4)
material = SubResource("StandardMaterial3D_5xgho")

[node name="Ceiling3" type="CSGBox3D" parent="."]
transform = Transform3D(0.601341, 0.798993, 0, -0.798993, 0.601341, 0, 0, 0, 1, 3.77927, 17.637, 0)
size = Vector3(4, 10, 4)
material = SubResource("StandardMaterial3D_5xgho")

[node name="Ceiling4" type="CSGBox3D" parent="."]
transform = Transform3D(0.0533817, 0.998574, 0, -0.998574, 0.0533817, 0, 0, 0, 1, 9.05232, 17.6493, 0)
size = Vector3(4, 10, 4)
material = SubResource("StandardMaterial3D_5xgho")

[node name="Background" type="CSGBox3D" parent="."]
transform = Transform3D(0.907587, -0.369061, -0.2002, 0.419864, 0.797769, 0.432757, 0, -0.476821, 0.879, 0, 2.92343, -8.67628)
size = Vector3(3, 12, 3)
material = SubResource("StandardMaterial3D_5xgho")

[node name="Background2" type="CSGBox3D" parent="."]
transform = Transform3D(0.994416, -0.0927654, -0.0503214, 0.105535, 0.874092, 0.474158, 1.01118e-09, -0.476821, 0.879, -9.86999, 2.92343, -8.67628)
size = Vector3(3, 18, 3)
material = SubResource("StandardMaterial3D_5xgho")

[node name="Background3" type="CSGBox3D" parent="."]
transform = Transform3D(0.83997, 0.476974, 0.258739, -0.470463, 0.87774, -0.0907636, -0.270397, -0.0454881, 0.961674, 9.66613, 2.92343, -8.67628)
size = Vector3(3, 13, 3)
material = SubResource("StandardMaterial3D_5xgho")

[node name="Background4" type="CSGBox3D" parent="."]
transform = Transform3D(0.78497, 0.60123, 0.149478, -0.385336, 0.662737, -0.642103, -0.485116, 0.446433, 0.751904, 15.8824, 17.4859, -15.6092)
size = Vector3(4, 13, 2)
material = SubResource("StandardMaterial3D_5xgho")

[node name="Background5" type="CSGBox3D" parent="."]
transform = Transform3D(0.32848, 0.840052, 0.431755, -0.206855, 0.510007, -0.834928, -0.921581, 0.184947, 0.341296, 13.0193, 18.0035, -15.5845)
size = Vector3(3.89795, 13, 2)
material = SubResource("StandardMaterial3D_5xgho")

[node name="Background6" type="CSGBox3D" parent="."]
transform = Transform3D(-0.220751, 0.879572, 0.421452, 0.0406977, 0.440042, -0.897054, -0.974481, -0.180873, -0.132936, 12.8356, 20.1859, -16.0416)
size = Vector3(3.89795, 13, 2)
material = SubResource("StandardMaterial3D_5xgho")

[node name="Background7" type="CSGBox3D" parent="."]
transform = Transform3D(0.96397, -0.233823, -0.126839, 0.26601, 0.84733, 0.459641, -2.13401e-09, -0.476821, 0.879, -5.24178, 1.13184, -8.67628)
size = Vector3(3, 18, 3)
material = SubResource("StandardMaterial3D_5xgho")

[node name="Background8" type="CSGBox3D" parent="."]
transform = Transform3D(0.819868, 0.512743, 0.254778, -0.504681, 0.857336, -0.10135, -0.270397, -0.0454881, 0.961674, 10.9639, 5.35921, -8.67628)
size = Vector3(2, 13, 2)
material = SubResource("StandardMaterial3D_5xgho")

[node name="Background9" type="CSGBox3D" parent="."]
transform = Transform3D(0.790388, 0.559844, 0.248717, -0.549701, 0.827348, -0.115427, -0.270397, -0.0454881, 0.961674, 11.94, 7.27814, -8.67628)
size = Vector3(1, 13, 1)
material = SubResource("StandardMaterial3D_5xgho")

[node name="Background10" type="CSGBox3D" parent="."]
transform = Transform3D(0.826784, 0.535219, 0.173115, -0.555962, 0.730632, 0.396337, 0.085644, -0.423931, 0.901636, 2.75831, 1.87581, -9.52393)
size = Vector3(2.13, 6.67, 1.855)
material = SubResource("StandardMaterial3D_5xgho")

[node name="Background11" type="CSGBox3D" parent="."]
transform = Transform3D(0.933537, 0.315106, 0.170932, -0.358482, 0.820579, 0.44513, 1.01118e-09, -0.476821, 0.879, -12.5883, 4.45049, -12.3396)
size = Vector3(2.13, 6.67, 1.855)
material = SubResource("StandardMaterial3D_5xgho")

[node name="Background12" type="CSGBox3D" parent="."]
transform = Transform3D(0.376919, 0.869737, -0.318574, -0.714995, 0.49185, 0.496855, 0.588824, 0.0405046, 0.807245, 10.3024, 2.56522, -7.03258)
size = Vector3(3, 13, 3)
material = SubResource("StandardMaterial3D_5xgho")

[node name="Background13" type="CSGBox3D" parent="."]
transform = Transform3D(0.600954, 0.798041, 0.0445681, -0.797058, 0.59419, 0.107872, 0.0596047, -0.10035, 0.993165, 8.43617, 2.11351, -7.58284)
size = Vector3(1.47, 10.73, 1.245)
material = SubResource("StandardMaterial3D_5xgho")

[node name="Background14" type="CSGBox3D" parent="."]
transform = Transform3D(0.209611, -0.957557, -0.197861, 0.560424, 0.283474, -0.778182, 0.801241, 0.0522296, 0.596057, -10.0133, 1.30677, -5.93768)
size = Vector3(3, 13, 3)
material = SubResource("StandardMaterial3D_5xgho")

[node name="Background15" type="CSGBox3D" parent="."]
transform = Transform3D(0.470843, 0.559669, -0.681966, -0.369214, 0.827069, 0.423838, 0.801241, 0.0522296, 0.596057, -16.9374, 2.97324, -8.67628)
size = Vector3(3, 13, 3)
material = SubResource("StandardMaterial3D_5xgho")

[node name="Background16" type="CSGBox3D" parent="."]
transform = Transform3D(0.558337, 0.542778, -0.627417, -0.384131, 0.839462, 0.384381, 0.735325, 0.0263961, 0.6772, -16.2677, 4.28391, -8.3538)
size = Vector3(1.85303, 12.3604, 1.60901)
material = SubResource("StandardMaterial3D_5xgho")

[node name="Background17" type="CSGBox3D" parent="."]
transform = Transform3D(0.558337, 0.542778, -0.627417, -0.384131, 0.839462, 0.384381, 0.735325, 0.0263961, 0.6772, -16.2164, 4.57652, -8.61733)
size = Vector3(1.06628, 12.3604, 0.910919)
material = SubResource("StandardMaterial3D_5xgho")

[node name="Background18" type="CSGBox3D" parent="."]
transform = Transform3D(-0.902437, 0.359963, -0.236715, -0.3354, -0.931857, -0.138383, -0.270397, -0.0454881, 0.961674, -6.67283, 18.6787, -6.71957)
size = Vector3(2, 13, 2)
material = SubResource("StandardMaterial3D_5xgho")

[node name="Background19" type="CSGBox3D" parent="."]
transform = Transform3D(-0.919767, 0.307335, -0.244077, -0.284453, -0.950514, -0.124941, -0.270397, -0.0454881, 0.961674, -5.78882, 17.4682, -6.69958)
size = Vector3(1, 12.1211, 1)
material = SubResource("StandardMaterial3D_5xgho")

[node name="DirectionalLight3D" type="DirectionalLight3D" parent="."]
transform = Transform3D(-0.864881, -0.484032, 0.133022, 0.46899, -0.684678, 0.55791, -0.178969, 0.544912, 0.819171, 0, 6.15185, 5.95724)
light_energy = 0.5
shadow_enabled = true

[node name="WorldEnvironment" type="WorldEnvironment" parent="."]
environment = SubResource("Environment_oabld")

[node name="OmniLight3D" type="OmniLight3D" parent="."]
transform = Transform3D(1, 0, 0, 0, 1, 0, 0, 0, 1, 0, 8.7597, -5.06202)
omni_range = 15.0
omni_attenuation = 0.0

[node name="OmniLight3D2" type="OmniLight3D" parent="."]
transform = Transform3D(1, 0, 0, 0, 1, 0, 0, 0, 1, -9.82038, 8.7597, -5.06202)
omni_range = 15.0
omni_attenuation = 0.0

[node name="OmniLight3D3" type="OmniLight3D" parent="."]
transform = Transform3D(1, 0, 0, 0, 1, 0, 0, 0, 1, 10.2227, 8.7597, -5.06202)
omni_range = 15.0
omni_attenuation = 0.0
